[[-148.55692   -160.42355   -185.6293    -190.84601   -201.2126
  -211.26836   -220.72177   -229.9762    -234.14154   -242.70154
  -250.44052   -256.12302   -265.78223   -272.87003   -277.55853
  -283.03815   -282.2909    -283.37628   -286.99564   -291.79327
  -296.36588   -299.24796   -298.00922   -269.30124   -235.31616  ]
 [ 174.82196    177.03134    172.65167    178.88898    195.49097
   218.2685     237.8618     247.60289    257.38904    264.10922
   278.3601     298.00888    306.30554    314.77173    322.32397
   324.8986     327.4594     325.92072    331.96997    336.3758
   338.25742    338.60907    338.13806    315.11026    280.31125  ]
 [   1.3013458    5.4678955    7.953102     6.8078995   -2.7670593
   -17.24121    -31.410507   -41.402786   -46.610886   -50.568825
   -54.82495    -59.533348   -64.06264    -68.70977    -67.591125
   -68.57822    -74.558975   -74.681564   -76.5802     -78.40436
   -79.173065   -79.84395    -77.34767    -66.57636    -50.654633 ]
 [  76.75404     86.64511     95.29384     94.155235    99.2141
   109.19267    109.61318    113.149956   112.33696    111.350105
   114.77834    114.35326    118.66978    123.548935   123.427
   127.388985   127.40962    129.46744    127.58566    128.30981
   131.85818    128.38846    130.1317     120.538      103.02167  ]
 [ -27.942371   -20.50909    -12.856422   -18.05413    -26.380669
   -33.034954   -29.445442   -21.910072   -21.76329    -23.935493
   -27.376503   -24.932999   -25.934563   -25.951675   -31.671448
   -31.240318   -27.821888   -30.573223   -30.950775   -25.953335
   -21.446762   -21.896183   -23.699158   -27.415092   -23.0694   ]
 [  59.086334    65.45126     73.82604     78.269424    78.853745
    82.46774     91.92883     91.0808      78.70936     82.992455
    86.37155     82.60634     75.7776      73.10529     75.197876
    79.0314      81.33064     80.727974    81.171326    80.374115
    74.64007     77.50307     78.60277     72.83739     65.6879   ]
 [ -37.21396    -29.92178    -25.82768    -26.928272   -29.715927
   -30.566158   -27.703655   -23.984528   -26.999352   -30.577858
   -35.674347   -39.606125   -38.97985    -36.668785   -36.826878
   -37.7072     -41.841114   -37.743645   -32.964695   -32.182938
   -33.578423   -32.71735    -30.284975   -26.304527   -19.64149  ]
 [  42.49113     48.428238    54.09172     58.474724    59.450027
    51.579216    45.475914    44.750477    46.2526      53.724262
    58.525368    54.11997     55.89258     51.876778    49.82786
    49.420498    45.25158     46.04001     48.262737    48.124935
    51.73546     51.066734    50.2087      44.66837     40.102493 ]
 [ -30.542103   -31.530212   -34.42401    -35.914917   -27.373161
   -22.55783    -22.777122   -26.142376   -29.122276   -31.79588
   -35.09205    -32.968792   -29.99806    -33.28277    -27.649868
   -21.605145   -22.044123   -23.146645   -20.56786    -22.490467
   -24.380516   -25.99897    -26.690853   -21.458538   -18.612686 ]
 [  38.628445    44.390305    49.501453    49.02878     47.898865
    41.394646    40.769646    36.85708     40.530674    46.155247
    46.13916     47.462097    47.202305    50.365753    48.506004
    43.36817     39.4857      33.052864    33.426895    35.470306
    37.200573    34.21921     34.022404    32.522446    27.866796 ]
 [ -52.829212   -50.34523    -51.516537   -48.30341    -49.613373
   -44.70636    -44.98249    -42.26876    -40.131718   -38.691204
   -35.30355    -34.360825   -33.124393   -27.760338   -28.648264
   -28.255503   -24.759808   -30.519522   -33.73758    -33.968277
   -31.399897   -31.402172   -32.545094   -25.953527   -20.68987  ]
 [  39.521828    42.350628    39.32099     38.85875     31.609154
    28.157988    25.237158    30.40415     32.96506     28.152508
    28.937534    29.451519    27.854317    23.780212    22.202677
    23.491272    28.930025    30.714909    28.078266    25.116444
    21.744287    22.866238    24.15732     24.849174    22.54326  ]
 [ -40.45733    -42.02779    -42.748314   -38.183746   -36.739403
   -32.870968   -28.240053   -27.937952   -30.609129   -28.891857
   -22.102322   -18.148876   -20.728218   -17.660671   -18.350805
   -20.016556   -20.228548   -17.60941    -19.227665   -20.140408
   -22.23311    -25.125027   -21.638388   -16.143452   -14.553907 ]
 [  25.474163    30.582441    32.37597     30.863762    30.746073
    27.763319    24.508335    25.708862    24.465652    21.124708
    16.597006    18.616777    15.975388    15.66436     19.195564
    22.67274     18.859207    19.914633    21.484339    23.487093
    20.404228    18.430317    20.210869    16.758377    11.459692 ]
 [ -29.7122     -26.278322   -24.421997   -26.768024   -26.818151
   -22.971384   -23.009739   -25.157425   -23.390656   -17.684786
   -17.111803   -18.465063   -18.493126   -23.683884   -22.271927
   -21.428413   -25.553486   -27.692186   -24.582228   -20.424246
   -23.113747   -22.43723    -24.129421   -25.685806   -27.274263 ]
 [  19.005209    26.266582    36.263184    33.358406    23.474632
    27.905697    26.229942    23.125923    25.522186    22.999432
    16.966562    13.542402    14.631457    19.649967    20.136497
    16.197002    16.327757    17.166279    19.319384    21.407906
    25.096312    23.651846    19.353333    13.355783     5.8763237]
 [ -25.613123   -24.727577   -14.354498    -9.286345   -17.10389
   -21.382736   -20.815014   -22.94725    -19.663368   -15.028605
   -12.610851   -15.92795    -21.901707   -23.756916   -17.841904
   -20.367908   -17.979296   -16.154896   -15.338598   -14.472587
   -12.727411   -13.438532   -15.309533   -12.1774235  -10.750706 ]
 [  11.665811    17.146204    17.32684     14.065229    11.142652
    12.862382    18.090755    22.624367    21.316229    18.037098
    16.994635    20.986954    18.5595      11.750065    11.778593
    11.625156    10.145057     7.1772175    6.49603      9.353787
     9.882241    11.168622    14.436305    14.562225    16.45897  ]
 [ -12.563575   -17.629587   -30.088017   -29.314272   -26.51846
   -28.448097   -27.559895   -27.432076   -25.881922   -24.94255
   -26.141954   -23.87645    -20.281565   -22.497562   -24.849306
   -25.144001   -28.92273    -26.446066   -29.201767   -27.763073
   -23.353882   -23.79485    -20.915918   -18.521034   -12.124989 ]
 [  11.374908     7.893647     4.4004593   10.659216    17.308353
    18.375751    17.72946     14.29535      9.76734      8.836357
     7.5748253    6.1900806    6.869749     8.802247    12.933676
    15.391064    11.741512    12.837027    12.97323     13.015572
    12.720722    13.510414    12.6794615   11.027646    15.231585 ]]